0.0038 0.0197 0.0260 0.0537 0.0574 0.0587 0.0589 0.0641 0.0815 0.0952 0.1325 0.1949 0.1960 0.2004 0.2014 0.2254 0.2279 0.2361 0.2425 0.2654 0.2679 0.2856 0.3553 0.3611 0.4616 0.5005 0.5032 0.5193 0.5197 0.5258 0.5302 0.5339 0.5516 0.5673 0.5703 0.5777 0.5906 0.6470 0.6535 0.6552 0.6648 0.6743 0.6767 0.6968 0.6995 0.7033 0.7130 0.7377 0.7546 0.7731 0.7896 0.7905 0.8356 0.8450 0.8582 0.8774 0.8826 0.9039 0.9048 0.9161 0.9184 0.9199 0.9286 0.9294 0.9302 0.9404 0.9516 0.9524 0.9610 0.9734 
1100000010010101001100000000011000111101000010101000100111011001110101
0001010000011101001000000000011000111101000010100000100000010001110100
0100000010010101001100000010100111000010000100000000010000000000000000
0001010000010101001100000010100111000010000100000000010000000000000000
0010001101100010100000000111000010000000000100000000010000000000000000
0000000000010101001010001000011000101100100010100001010000100110001000
0010001100100010100000000010000010000000000101010100010000000000000000
0100100010010101001100000010100111000000000100000000010000000000000000
0001010000010101001000010000011000111101010010100011011000100010001010
1100000010010101001101100010100011000000001100000000010000100010000000
1100000010010101001101100010100011000000001100000000010000100010000000
0100100010010101001100000010100111000000000100000000010000000000000000
0100000010010101001100000010100111000000000100000000010000000000000000
1100000010000010110000000000011000111101000010101000100101011001110100
0000000000010101001000000000011000111101000010100000100000010001110100